INFO:mlp:|2024-10-13 15:07:53| {
     'bs': 8, 'classification': False, 'dataset': cpu, 'debug': False,
     'decay': 0.0001, 'density': 0.8, 'device': cpu, 'device_name': core-i7-7820x,
     'epochs': 1000, 'experiment': False, 'inductive': False, 'logger': None,
     'loss_func': L1Loss, 'lr': 0.001, 'model': mlp, 'optim': AdamW,
     'path': ./datasets/, 'patience': 100, 'program_test': False, 'rank': 300,
     'record': True, 'retrain': False, 'rounds': 5, 'seed': 0,
     'train_device': desktop-cpu-core-i7-7820x-fp32, 'train_size': 100, 'verbose': 0, 'visualize': True,
}
INFO:mlp:|2024-10-13 15:07:53| ********************Experiment Start********************
INFO:mlp:|2024-10-13 15:07:54| MAE=0.0007 RMSE=0.0009 NMAE=0.1340 NRMSE=0.1652
INFO:mlp:|2024-10-13 15:07:54| MAE=0.0007 RMSE=0.0009 NMAE=0.1371 NRMSE=0.1690
INFO:mlp:|2024-10-13 15:07:54| MAE=0.0007 RMSE=0.0009 NMAE=0.1469 NRMSE=0.1818
INFO:mlp:|2024-10-13 15:07:55| MAE=0.0007 RMSE=0.0009 NMAE=0.1349 NRMSE=0.1659
INFO:mlp:|2024-10-13 15:07:55| MAE=0.0007 RMSE=0.0009 NMAE=0.1339 NRMSE=0.1737
INFO:mlp:|2024-10-13 15:07:55| ********************Experiment Results:********************
INFO:mlp:|2024-10-13 15:07:55| MAE: 0.0007 ± 0.0000
INFO:mlp:|2024-10-13 15:07:55| RMSE: 0.0009 ± 0.0000
INFO:mlp:|2024-10-13 15:07:55| NMAE: 0.1373 ± 0.0049
INFO:mlp:|2024-10-13 15:07:55| NRMSE: 0.1711 ± 0.0061
INFO:mlp:|2024-10-13 15:07:55| Acc_1: 0.0526 ± 0.0040
INFO:mlp:|2024-10-13 15:07:55| Acc_5: 0.2583 ± 0.0172
INFO:mlp:|2024-10-13 15:07:55| Acc_10: 0.4861 ± 0.0247
INFO:mlp:|2024-10-13 15:07:55| ********************Experiment Success********************
